\datatype=fitshdr
| cntr|  ctype1|  ctype2|naxis1|naxis2|    crval1|    crval2|    crpix1|    crpix2|     cdelt1|     cdelt2|  crota2|equinox|                           file|
|  int|    char|    char|   int|   int|    double|    double|    double|    double|     double|     double|  double|    int|                           char|
     1 RA---TAN DEC--TAN   2559   2559  56.700000  24.000000    1279.02    1279.02 -0.00027778  0.00027778  0.00000    2000 cposs2ukstu_ir_001_001.fits
     2 RA---TAN DEC--TAN   2559   2559  56.700000  24.000000    1279.02    1279.02 -0.00027778  0.00027778  0.00000    2000 cposs2ukstu_ir_001_002.fits
     3 RA---TAN DEC--TAN   2559   2559  56.700000  24.000000    1279.02    1279.02 -0.00027778  0.00027778  0.00000    2000 cposs2ukstu_ir_001_003.fits
     4 RA---TAN DEC--TAN   2559   2559  56.700000  24.000000    1279.02    1279.02 -0.00027778  0.00027778  0.00000    2000 cposs2ukstu_ir_001_004.fits
     5 RA---TAN DEC--TAN   2559   2559  56.700000  24.000000    1279.02    1279.02 -0.00027778  0.00027778  0.00000    2000 cposs2ukstu_ir_001_005.fits
     6 RA---TAN DEC--TAN   2559   2559  56.700000  24.000000    1279.02    1279.02 -0.00027778  0.00027778  0.00000    2000 cposs2ukstu_ir_001_006.fits
     7 RA---TAN DEC--TAN   2559   2559  56.700000  24.000000    1279.02    1279.02 -0.00027778  0.00027778  0.00000    2000 cposs2ukstu_ir_001_007.fits
     8 RA---TAN DEC--TAN   2559   2559  56.700000  24.000000    1279.02    1279.02 -0.00027778  0.00027778  0.00000    2000 cposs2ukstu_ir_001_008.fits
     9 RA---TAN DEC--TAN   2559   2559  56.700000  24.000000    1279.02    1279.02 -0.00027778  0.00027778  0.00000    2000 cposs2ukstu_ir_002_001.fits
    10 RA---TAN DEC--TAN   2559   2559  56.700000  24.000000    1279.02    1279.02 -0.00027778  0.00027778  0.00000    2000 cposs2ukstu_ir_002_002.fits
    11 RA---TAN DEC--TAN   2559   2559  56.700000  24.000000    1279.02    1279.02 -0.00027778  0.00027778  0.00000    2000 cposs2ukstu_ir_002_003.fits
    12 RA---TAN DEC--TAN   2559   2559  56.700000  24.000000    1279.02    1279.02 -0.00027778  0.00027778  0.00000    2000 cposs2ukstu_ir_002_004.fits
    13 RA---TAN DEC--TAN   2559   2559  56.700000  24.000000    1279.02    1279.02 -0.00027778  0.00027778  0.00000    2000 cposs2ukstu_ir_002_005.fits
    14 RA---TAN DEC--TAN   2559   2559  56.700000  24.000000    1279.02    1279.02 -0.00027778  0.00027778  0.00000    2000 cposs2ukstu_ir_002_006.fits
    15 RA---TAN DEC--TAN   2559   2559  56.700000  24.000000    1279.02    1279.02 -0.00027778  0.00027778  0.00000    2000 cposs2ukstu_ir_002_007.fits
    16 RA---TAN DEC--TAN   2559   2559  56.700000  24.000000    1279.02    1279.02 -0.00027778  0.00027778  0.00000    2000 cposs2ukstu_ir_002_008.fits
    17 RA---TAN DEC--TAN   2559   2559  56.700000  24.000000    1279.02    1279.02 -0.00027778  0.00027778  0.00000    2000 cposs2ukstu_ir_003_001.fits
    18 RA---TAN DEC--TAN   2559   2559  56.700000  24.000000    1279.02    1279.02 -0.00027778  0.00027778  0.00000    2000 cposs2ukstu_ir_003_002.fits
    19 RA---TAN DEC--TAN   2559   2559  56.700000  24.000000    1279.02    1279.02 -0.00027778  0.00027778  0.00000    2000 cposs2ukstu_ir_003_003.fits
    20 RA---TAN DEC--TAN   2559   2559  56.700000  24.000000    1279.02    1279.02 -0.00027778  0.00027778  0.00000    2000 cposs2ukstu_ir_003_004.fits
    21 RA---TAN DEC--TAN   2559   2559  56.700000  24.000000    1279.02    1279.02 -0.00027778  0.00027778  0.00000    2000 cposs2ukstu_ir_003_005.fits
    22 RA---TAN DEC--TAN   2559   2559  56.700000  24.000000    1279.02    1279.02 -0.00027778  0.00027778  0.00000    2000 cposs2ukstu_ir_003_006.fits
    23 RA---TAN DEC--TAN   2559   2559  56.700000  24.000000    1279.02    1279.02 -0.00027778  0.00027778  0.00000    2000 cposs2ukstu_ir_003_007.fits
    24 RA---TAN DEC--TAN   2559   2559  56.700000  24.000000    1279.02    1279.02 -0.00027778  0.00027778  0.00000    2000 cposs2ukstu_ir_003_008.fits
    25 RA---TAN DEC--TAN   2559   2559  56.700000  24.000000    1279.02    1279.02 -0.00027778  0.00027778  0.00000    2000 cposs2ukstu_ir_004_001.fits
    26 RA---TAN DEC--TAN   2559   2559  56.700000  24.000000    1279.02    1279.02 -0.00027778  0.00027778  0.00000    2000 cposs2ukstu_ir_004_002.fits
    27 RA---TAN DEC--TAN   2559   2559  56.700000  24.000000    1279.02    1279.02 -0.00027778  0.00027778  0.00000    2000 cposs2ukstu_ir_004_003.fits
    28 RA---TAN DEC--TAN   2559   2559  56.700000  24.000000    1279.02    1279.02 -0.00027778  0.00027778  0.00000    2000 cposs2ukstu_ir_004_004.fits
    29 RA---TAN DEC--TAN   2559   2559  56.700000  24.000000    1279.02    1279.02 -0.00027778  0.00027778  0.00000    2000 cposs2ukstu_ir_004_005.fits
    30 RA---TAN DEC--TAN   2559   2559  56.700000  24.000000    1279.02    1279.02 -0.00027778  0.00027778  0.00000    2000 cposs2ukstu_ir_004_006.fits
    31 RA---TAN DEC--TAN   2559   2559  56.700000  24.000000    1279.02    1279.02 -0.00027778  0.00027778  0.00000    2000 cposs2ukstu_ir_004_007.fits
    32 RA---TAN DEC--TAN   2559   2559  56.700000  24.000000    1279.02    1279.02 -0.00027778  0.00027778  0.00000    2000 cposs2ukstu_ir_004_008.fits
    33 RA---TAN DEC--TAN   2559   2559  56.700000  24.000000    1279.02    1279.02 -0.00027778  0.00027778  0.00000    2000 cposs2ukstu_ir_005_001.fits
    34 RA---TAN DEC--TAN   2559   2559  56.700000  24.000000    1279.02    1279.02 -0.00027778  0.00027778  0.00000    2000 cposs2ukstu_ir_005_002.fits
    35 RA---TAN DEC--TAN   2559   2559  56.700000  24.000000    1279.02    1279.02 -0.00027778  0.00027778  0.00000    2000 cposs2ukstu_ir_005_003.fits
    36 RA---TAN DEC--TAN   2559   2559  56.700000  24.000000    1279.02    1279.02 -0.00027778  0.00027778  0.00000    2000 cposs2ukstu_ir_005_004.fits
    37 RA---TAN DEC--TAN   2559   2559  56.700000  24.000000    1279.02    1279.02 -0.00027778  0.00027778  0.00000    2000 cposs2ukstu_ir_005_005.fits
    38 RA---TAN DEC--TAN   2559   2559  56.700000  24.000000    1279.02    1279.02 -0.00027778  0.00027778  0.00000    2000 cposs2ukstu_ir_005_006.fits
    39 RA---TAN DEC--TAN   2559   2559  56.700000  24.000000    1279.02    1279.02 -0.00027778  0.00027778  0.00000    2000 cposs2ukstu_ir_005_007.fits
    40 RA---TAN DEC--TAN   2559   2559  56.700000  24.000000    1279.02    1279.02 -0.00027778  0.00027778  0.00000    2000 cposs2ukstu_ir_005_008.fits
    41 RA---TAN DEC--TAN   2559   2559  56.700000  24.000000    1279.02    1279.02 -0.00027778  0.00027778  0.00000    2000 cposs2ukstu_ir_006_001.fits
    42 RA---TAN DEC--TAN   2559   2559  56.700000  24.000000    1279.02    1279.02 -0.00027778  0.00027778  0.00000    2000 cposs2ukstu_ir_006_002.fits
    43 RA---TAN DEC--TAN   2559   2559  56.700000  24.000000    1279.02    1279.02 -0.00027778  0.00027778  0.00000    2000 cposs2ukstu_ir_006_003.fits
    44 RA---TAN DEC--TAN   2559   2559  56.700000  24.000000    1279.02    1279.02 -0.00027778  0.00027778  0.00000    2000 cposs2ukstu_ir_006_004.fits
    45 RA---TAN DEC--TAN   2559   2559  56.700000  24.000000    1279.02    1279.02 -0.00027778  0.00027778  0.00000    2000 cposs2ukstu_ir_006_005.fits
    46 RA---TAN DEC--TAN   2559   2559  56.700000  24.000000    1279.02    1279.02 -0.00027778  0.00027778  0.00000    2000 cposs2ukstu_ir_006_006.fits
    47 RA---TAN DEC--TAN   2559   2559  56.700000  24.000000    1279.02    1279.02 -0.00027778  0.00027778  0.00000    2000 cposs2ukstu_ir_006_007.fits
    48 RA---TAN DEC--TAN   2559   2559  56.700000  24.000000    1279.02    1279.02 -0.00027778  0.00027778  0.00000    2000 cposs2ukstu_ir_006_008.fits
    49 RA---TAN DEC--TAN   2559   2559  56.700000  24.000000    1279.02    1279.02 -0.00027778  0.00027778  0.00000    2000 cposs2ukstu_ir_007_001.fits
    50 RA---TAN DEC--TAN   2559   2559  56.700000  24.000000    1279.02    1279.02 -0.00027778  0.00027778  0.00000    2000 cposs2ukstu_ir_007_002.fits
    51 RA---TAN DEC--TAN   2559   2559  56.700000  24.000000    1279.02    1279.02 -0.00027778  0.00027778  0.00000    2000 cposs2ukstu_ir_007_003.fits
    52 RA---TAN DEC--TAN   2559   2559  56.700000  24.000000    1279.02    1279.02 -0.00027778  0.00027778  0.00000    2000 cposs2ukstu_ir_007_004.fits
    53 RA---TAN DEC--TAN   2559   2559  56.700000  24.000000    1279.02    1279.02 -0.00027778  0.00027778  0.00000    2000 cposs2ukstu_ir_007_005.fits
    54 RA---TAN DEC--TAN   2559   2559  56.700000  24.000000    1279.02    1279.02 -0.00027778  0.00027778  0.00000    2000 cposs2ukstu_ir_007_006.fits
    55 RA---TAN DEC--TAN   2559   2559  56.700000  24.000000    1279.02    1279.02 -0.00027778  0.00027778  0.00000    2000 cposs2ukstu_ir_007_007.fits
    56 RA---TAN DEC--TAN   2559   2559  56.700000  24.000000    1279.02    1279.02 -0.00027778  0.00027778  0.00000    2000 cposs2ukstu_ir_007_008.fits
    57 RA---TAN DEC--TAN   2559   2559  56.700000  24.000000    1279.02    1279.02 -0.00027778  0.00027778  0.00000    2000 cposs2ukstu_ir_008_001.fits
    58 RA---TAN DEC--TAN   2559   2559  56.700000  24.000000    1279.02    1279.02 -0.00027778  0.00027778  0.00000    2000 cposs2ukstu_ir_008_002.fits
    59 RA---TAN DEC--TAN   2559   2559  56.700000  24.000000    1279.02    1279.02 -0.00027778  0.00027778  0.00000    2000 cposs2ukstu_ir_008_003.fits
    60 RA---TAN DEC--TAN   2559   2559  56.700000  24.000000    1279.02    1279.02 -0.00027778  0.00027778  0.00000    2000 cposs2ukstu_ir_008_004.fits
    61 RA---TAN DEC--TAN   2559   2559  56.700000  24.000000    1279.02    1279.02 -0.00027778  0.00027778  0.00000    2000 cposs2ukstu_ir_008_005.fits
    62 RA---TAN DEC--TAN   2559   2559  56.700000  24.000000    1279.02    1279.02 -0.00027778  0.00027778  0.00000    2000 cposs2ukstu_ir_008_006.fits
    63 RA---TAN DEC--TAN   2559   2559  56.700000  24.000000    1279.02    1279.02 -0.00027778  0.00027778  0.00000    2000 cposs2ukstu_ir_008_007.fits
    64 RA---TAN DEC--TAN   2559   2559  56.700000  24.000000    1279.02    1279.02 -0.00027778  0.00027778  0.00000    2000 cposs2ukstu_ir_008_008.fits
