\datatype=fitshdr
|   cntr|  ctype1|  ctype2|naxis1|naxis2|    crval1|    crval2|  crpix1|  crpix2|     cdelt1|     cdelt2|    crota2|       ra1|      dec1|       ra2|      dec2|       ra3|      dec3|       ra4|      dec4|                                                                                                                               URL|                               file|
|    int|    char|    char|   int|   int|    double|    double|  double|  double|     double|     double|    double|    double|    double|    double|    double|    double|    double|    double|    double|                                                                                                                              char|                               char|
       1 RA---TAN DEC--TAN   2556   2556  56.700000  24.000000  1278.50  1278.50 -0.00027778  0.00027778    0.00000  58.597949  22.231343  57.831780  22.238441  57.837972  22.947864  58.879430  22.937038 http://archive.stsci.edu/cgi-bin/dss_search?v=poss2ukstu_red&r=58.219064&d=22.589942&e=J2000&w=42.60&h=42.60&f=fits&c=gz                poss2ukstu_red_001_001.fits.gz
       2 RA---TAN DEC--TAN   2556   2556  56.700000  24.000000  1278.50  1278.50 -0.00027778  0.00027778    0.00000  58.605246  22.730714  57.836133  22.737992  57.842373  23.447664  58.887854  23.436571 http://archive.stsci.edu/cgi-bin/dss_search?v=poss2ukstu_red&r=58.224922&d=23.089558&e=J2000&w=42.60&h=42.60&f=fits&c=gz                poss2ukstu_red_001_002.fits.gz
       3 RA---TAN DEC--TAN   2556   2556  56.700000  24.000000  1278.50  1278.50 -0.00027778  0.00027778    0.00000  58.612600  23.230275  57.840521  23.237734  57.846809  23.947547  58.896343  23.936187 http://archive.stsci.edu/cgi-bin/dss_search?v=poss2ukstu_red&r=58.230826&d=23.589310&e=J2000&w=42.60&h=42.60&f=fits&c=gz                poss2ukstu_red_001_003.fits.gz
       4 RA---TAN DEC--TAN   2556   2556  56.700000  24.000000  1278.50  1278.50 -0.00027778  0.00027778    0.00000  58.620011  23.729951  57.844942  23.737591  57.851279  24.447438  58.904898  24.435810 http://archive.stsci.edu/cgi-bin/dss_search?v=poss2ukstu_red&r=58.236775&d=24.089124&e=J2000&w=42.60&h=42.60&f=fits&c=gz                poss2ukstu_red_001_004.fits.gz
       5 RA---TAN DEC--TAN   2556   2556  56.700000  24.000000  1278.50  1278.50 -0.00027778  0.00027778    0.00000  58.627479  24.229666  57.849398  24.237488  57.855785  24.947259  58.913521  24.935364 http://archive.stsci.edu/cgi-bin/dss_search?v=poss2ukstu_red&r=58.242771&d=24.588923&e=J2000&w=42.60&h=42.60&f=fits&c=gz                poss2ukstu_red_001_005.fits.gz
       6 RA---TAN DEC--TAN   2556   2556  56.700000  24.000000  1278.50  1278.50 -0.00027778  0.00027778    0.00000  58.635006  24.729344  57.853888  24.737348  57.860325  25.446936  58.922210  25.434773 http://archive.stsci.edu/cgi-bin/dss_search?v=poss2ukstu_red&r=58.248814&d=25.088631&e=J2000&w=42.60&h=42.60&f=fits&c=gz                poss2ukstu_red_001_006.fits.gz
       7 RA---TAN DEC--TAN   2556   2556  56.700000  24.000000  1278.50  1278.50 -0.00027778  0.00027778    0.00000  58.642592  25.228909  57.858414  25.237094  57.864902  25.946392  58.930968  25.933960 http://archive.stsci.edu/cgi-bin/dss_search?v=poss2ukstu_red&r=58.254904&d=25.588172&e=J2000&w=42.60&h=42.60&f=fits&c=gz                poss2ukstu_red_001_007.fits.gz
       8 RA---TAN DEC--TAN   2556   2556  56.700000  24.000000  1278.50  1278.50 -0.00027778  0.00027778    0.00000  58.650237  25.728285  57.862975  25.736652  57.869514  26.445551  58.939796  26.432852 http://archive.stsci.edu/cgi-bin/dss_search?v=poss2ukstu_red&r=58.261043&d=26.087470&e=J2000&w=42.60&h=42.60&f=fits&c=gz                poss2ukstu_red_001_008.fits.gz
       9 RA---TAN DEC--TAN   2556   2556  56.700000  24.000000  1278.50  1278.50 -0.00027778  0.00027778    0.00000  58.058448  22.236715  57.291965  22.241286  57.295204  22.950812  58.879430  22.937038 http://archive.stsci.edu/cgi-bin/dss_search?v=poss2ukstu_red&r=57.677911&d=22.594125&e=J2000&w=42.60&h=42.60&f=fits&c=gz                poss2ukstu_red_002_001.fits.gz
      10 RA---TAN DEC--TAN   2556   2556  56.700000  24.000000  1278.50  1278.50 -0.00027778  0.00027778    0.00000  58.063673  22.736222  57.294242  22.740909  57.297507  23.450685  58.887854  23.436571 http://archive.stsci.edu/cgi-bin/dss_search?v=poss2ukstu_red&r=57.681683&d=23.093846&e=J2000&w=42.60&h=42.60&f=fits&c=gz                poss2ukstu_red_002_002.fits.gz
      11 RA---TAN DEC--TAN   2556   2556  56.700000  24.000000  1278.50  1278.50 -0.00027778  0.00027778    0.00000  58.068938  23.235920  57.296537  23.240724  57.299827  23.950641  58.896343  23.936187 http://archive.stsci.edu/cgi-bin/dss_search?v=poss2ukstu_red&r=57.685484&d=23.593703&e=J2000&w=42.60&h=42.60&f=fits&c=gz                poss2ukstu_red_002_003.fits.gz
      12 RA---TAN DEC--TAN   2556   2556  56.700000  24.000000  1278.50  1278.50 -0.00027778  0.00027778    0.00000  58.074244  23.735733  57.298850  23.740654  57.302166  24.450604  58.904898  24.435810 http://archive.stsci.edu/cgi-bin/dss_search?v=poss2ukstu_red&r=57.689315&d=24.093622&e=J2000&w=42.60&h=42.60&f=fits&c=gz                poss2ukstu_red_002_004.fits.gz
      13 RA---TAN DEC--TAN   2556   2556  56.700000  24.000000  1278.50  1278.50 -0.00027778  0.00027778    0.00000  58.079591  24.235586  57.301181  24.240623  57.304522  24.950498  58.913521  24.935364 http://archive.stsci.edu/cgi-bin/dss_search?v=poss2ukstu_red&r=57.693176&d=24.593526&e=J2000&w=42.60&h=42.60&f=fits&c=gz                poss2ukstu_red_002_005.fits.gz
      14 RA---TAN DEC--TAN   2556   2556  56.700000  24.000000  1278.50  1278.50 -0.00027778  0.00027778    0.00000  58.084981  24.735401  57.303530  24.740556  57.306898  25.450248  58.922210  25.434773 http://archive.stsci.edu/cgi-bin/dss_search?v=poss2ukstu_red&r=57.697068&d=25.093339&e=J2000&w=42.60&h=42.60&f=fits&c=gz                poss2ukstu_red_002_006.fits.gz
      15 RA---TAN DEC--TAN   2556   2556  56.700000  24.000000  1278.50  1278.50 -0.00027778  0.00027778    0.00000  58.090412  25.235104  57.305898  25.240376  57.309292  25.949777  58.930968  25.933960 http://archive.stsci.edu/cgi-bin/dss_search?v=poss2ukstu_red&r=57.700989&d=25.592986&e=J2000&w=42.60&h=42.60&f=fits&c=gz                poss2ukstu_red_002_007.fits.gz
      16 RA---TAN DEC--TAN   2556   2556  56.700000  24.000000  1278.50  1278.50 -0.00027778  0.00027778    0.00000  58.095886  25.734617  57.308284  25.740006  57.311705  26.449009  58.939796  26.432852 http://archive.stsci.edu/cgi-bin/dss_search?v=poss2ukstu_red&r=57.704942&d=26.092389&e=J2000&w=42.60&h=42.60&f=fits&c=gz                poss2ukstu_red_002_008.fits.gz
      17 RA---TAN DEC--TAN   2556   2556  56.700000  24.000000  1278.50  1278.50 -0.00027778  0.00027778    0.00000  57.518705  22.240308  56.752044  22.242349  56.752329  22.951914  58.879430  22.937038 http://archive.stsci.edu/cgi-bin/dss_search?v=poss2ukstu_red&r=57.136582&d=22.596496&e=J2000&w=42.60&h=42.60&f=fits&c=gz                poss2ukstu_red_003_001.fits.gz
      18 RA---TAN DEC--TAN   2556   2556  56.700000  24.000000  1278.50  1278.50 -0.00027778  0.00027778    0.00000  57.521855  22.739906  56.752245  22.741999  56.752532  23.451813  58.887854  23.436571 http://archive.stsci.edu/cgi-bin/dss_search?v=poss2ukstu_red&r=57.138267&d=23.096275&e=J2000&w=42.60&h=42.60&f=fits&c=gz                poss2ukstu_red_003_002.fits.gz
      19 RA---TAN DEC--TAN   2556   2556  56.700000  24.000000  1278.50  1278.50 -0.00027778  0.00027778    0.00000  57.525029  23.239696  56.752446  23.241841  56.752736  23.951797  58.896343  23.936187 http://archive.stsci.edu/cgi-bin/dss_search?v=poss2ukstu_red&r=57.139964&d=23.596193&e=J2000&w=42.60&h=42.60&f=fits&c=gz                poss2ukstu_red_003_003.fits.gz
      20 RA---TAN DEC--TAN   2556   2556  56.700000  24.000000  1278.50  1278.50 -0.00027778  0.00027778    0.00000  57.528228  23.739601  56.752650  23.741798  56.752941  24.451787  58.904898  24.435810 http://archive.stsci.edu/cgi-bin/dss_search?v=poss2ukstu_red&r=57.141675&d=24.096171&e=J2000&w=42.60&h=42.60&f=fits&c=gz                poss2ukstu_red_003_004.fits.gz
      21 RA---TAN DEC--TAN   2556   2556  56.700000  24.000000  1278.50  1278.50 -0.00027778  0.00027778    0.00000  57.531451  24.239546  56.752855  24.241795  56.753148  24.951709  58.913521  24.935364 http://archive.stsci.edu/cgi-bin/dss_search?v=poss2ukstu_red&r=57.143399&d=24.596135&e=J2000&w=42.60&h=42.60&f=fits&c=gz                poss2ukstu_red_003_005.fits.gz
      22 RA---TAN DEC--TAN   2556   2556  56.700000  24.000000  1278.50  1278.50 -0.00027778  0.00027778    0.00000  57.534700  24.739453  56.753061  24.741755  56.753357  25.451485  58.922210  25.434773 http://archive.stsci.edu/cgi-bin/dss_search?v=poss2ukstu_red&r=57.145136&d=25.096008&e=J2000&w=42.60&h=42.60&f=fits&c=gz                poss2ukstu_red_003_006.fits.gz
      23 RA---TAN DEC--TAN   2556   2556  56.700000  24.000000  1278.50  1278.50 -0.00027778  0.00027778    0.00000  57.537974  25.239248  56.753269  25.241602  56.753568  25.951041  58.930968  25.933960 http://archive.stsci.edu/cgi-bin/dss_search?v=poss2ukstu_red&r=57.146887&d=25.595713&e=J2000&w=42.60&h=42.60&f=fits&c=gz                poss2ukstu_red_003_007.fits.gz
      24 RA---TAN DEC--TAN   2556   2556  56.700000  24.000000  1278.50  1278.50 -0.00027778  0.00027778    0.00000  57.541274  25.738853  56.753479  25.741260  56.753780  26.450301  58.939796  26.432852 http://archive.stsci.edu/cgi-bin/dss_search?v=poss2ukstu_red&r=57.148652&d=26.095176&e=J2000&w=42.60&h=42.60&f=fits&c=gz                poss2ukstu_red_003_008.fits.gz
      25 RA---TAN DEC--TAN   2556   2556  56.700000  24.000000  1278.50  1278.50 -0.00027778  0.00027778    0.00000  56.978817  22.242119  56.212115  22.241629  56.209445  22.951168  58.879430  22.937038 http://archive.stsci.edu/cgi-bin/dss_search?v=poss2ukstu_red&r=56.595176&d=22.597052&e=J2000&w=42.60&h=42.60&f=fits&c=gz                poss2ukstu_red_004_001.fits.gz
      26 RA---TAN DEC--TAN   2556   2556  56.700000  24.000000  1278.50  1278.50 -0.00027778  0.00027778    0.00000  56.979890  22.741764  56.210238  22.741261  56.207547  23.451050  58.887854  23.436571 http://archive.stsci.edu/cgi-bin/dss_search?v=poss2ukstu_red&r=56.594772&d=23.096845&e=J2000&w=42.60&h=42.60&f=fits&c=gz                poss2ukstu_red_004_002.fits.gz
      27 RA---TAN DEC--TAN   2556   2556  56.700000  24.000000  1278.50  1278.50 -0.00027778  0.00027778    0.00000  56.980971  23.241600  56.208346  23.241085  56.205635  23.951014  58.896343  23.936187 http://archive.stsci.edu/cgi-bin/dss_search?v=poss2ukstu_red&r=56.594364&d=23.596776&e=J2000&w=42.60&h=42.60&f=fits&c=gz                poss2ukstu_red_004_003.fits.gz
      28 RA---TAN DEC--TAN   2556   2556  56.700000  24.000000  1278.50  1278.50 -0.00027778  0.00027778    0.00000  56.982061  23.741551  56.206440  23.741024  56.203707  24.450986  58.904898  24.435810 http://archive.stsci.edu/cgi-bin/dss_search?v=poss2ukstu_red&r=56.593953&d=24.096769&e=J2000&w=42.60&h=42.60&f=fits&c=gz                poss2ukstu_red_004_004.fits.gz
      29 RA---TAN DEC--TAN   2556   2556  56.700000  24.000000  1278.50  1278.50 -0.00027778  0.00027778    0.00000  56.983159  24.241542  56.204519  24.241002  56.201765  24.950890  58.913521  24.935364 http://archive.stsci.edu/cgi-bin/dss_search?v=poss2ukstu_red&r=56.593540&d=24.596747&e=J2000&w=42.60&h=42.60&f=fits&c=gz                poss2ukstu_red_004_005.fits.gz
      30 RA---TAN DEC--TAN   2556   2556  56.700000  24.000000  1278.50  1278.50 -0.00027778  0.00027778    0.00000  56.984265  24.741496  56.202582  24.740943  56.199807  25.450648  58.922210  25.434773 http://archive.stsci.edu/cgi-bin/dss_search?v=poss2ukstu_red&r=56.593122&d=25.096633&e=J2000&w=42.60&h=42.60&f=fits&c=gz                poss2ukstu_red_004_006.fits.gz
      31 RA---TAN DEC--TAN   2556   2556  56.700000  24.000000  1278.50  1278.50 -0.00027778  0.00027778    0.00000  56.985381  25.241337  56.200631  25.240772  56.197834  25.950185  58.930968  25.933960 http://archive.stsci.edu/cgi-bin/dss_search?v=poss2ukstu_red&r=56.592702&d=25.596353&e=J2000&w=42.60&h=42.60&f=fits&c=gz                poss2ukstu_red_004_007.fits.gz
      32 RA---TAN DEC--TAN   2556   2556  56.700000  24.000000  1278.50  1278.50 -0.00027778  0.00027778    0.00000  56.986505  25.740989  56.198664  25.740411  56.195845  26.449426  58.939796  26.432852 http://archive.stsci.edu/cgi-bin/dss_search?v=poss2ukstu_red&r=56.592278&d=26.095830&e=J2000&w=42.60&h=42.60&f=fits&c=gz                poss2ukstu_red_004_008.fits.gz
      33 RA---TAN DEC--TAN   2556   2556  56.700000  24.000000  1278.50  1278.50 -0.00027778  0.00027778    0.00000  56.438880  22.242149  55.672272  22.239128  55.666649  22.948576  58.879430  22.937038 http://archive.stsci.edu/cgi-bin/dss_search?v=poss2ukstu_red&r=56.053789&d=22.595793&e=J2000&w=42.60&h=42.60&f=fits&c=gz                poss2ukstu_red_005_001.fits.gz
      34 RA---TAN DEC--TAN   2556   2556  56.700000  24.000000  1278.50  1278.50 -0.00027778  0.00027778    0.00000  56.437875  22.741794  55.668318  22.738696  55.662652  23.448394  58.887854  23.436571 http://archive.stsci.edu/cgi-bin/dss_search?v=poss2ukstu_red&r=56.051296&d=23.095555&e=J2000&w=42.60&h=42.60&f=fits&c=gz                poss2ukstu_red_005_002.fits.gz
      35 RA---TAN DEC--TAN   2556   2556  56.700000  24.000000  1278.50  1278.50 -0.00027778  0.00027778    0.00000  56.436863  23.241631  55.664334  23.238456  55.658624  23.948294  58.896343  23.936187 http://archive.stsci.edu/cgi-bin/dss_search?v=poss2ukstu_red&r=56.048783&d=23.595455&e=J2000&w=42.60&h=42.60&f=fits&c=gz                poss2ukstu_red_005_003.fits.gz
      36 RA---TAN DEC--TAN   2556   2556  56.700000  24.000000  1278.50  1278.50 -0.00027778  0.00027778    0.00000  56.435843  23.741583  55.660319  23.738331  55.654564  24.448202  58.904898  24.435810 http://archive.stsci.edu/cgi-bin/dss_search?v=poss2ukstu_red&r=56.046252&d=24.095415&e=J2000&w=42.60&h=42.60&f=fits&c=gz                poss2ukstu_red_005_004.fits.gz
      37 RA---TAN DEC--TAN   2556   2556  56.700000  24.000000  1278.50  1278.50 -0.00027778  0.00027778    0.00000  56.434814  24.241574  55.656273  24.238245  55.650473  24.948042  58.913521  24.935364 http://archive.stsci.edu/cgi-bin/dss_search?v=poss2ukstu_red&r=56.043700&d=24.595361&e=J2000&w=42.60&h=42.60&f=fits&c=gz                poss2ukstu_red_005_005.fits.gz
      38 RA---TAN DEC--TAN   2556   2556  56.700000  24.000000  1278.50  1278.50 -0.00027778  0.00027778    0.00000  56.433778  24.741529  55.652195  24.738122  55.646350  25.447736  58.922210  25.434773 http://archive.stsci.edu/cgi-bin/dss_search?v=poss2ukstu_red&r=56.041128&d=25.095217&e=J2000&w=42.60&h=42.60&f=fits&c=gz                poss2ukstu_red_005_006.fits.gz
      39 RA---TAN DEC--TAN   2556   2556  56.700000  24.000000  1278.50  1278.50 -0.00027778  0.00027778    0.00000  56.432734  25.241371  55.648085  25.237887  55.642194  25.947209  58.930968  25.933960 http://archive.stsci.edu/cgi-bin/dss_search?v=poss2ukstu_red&r=56.038536&d=25.594905&e=J2000&w=42.60&h=42.60&f=fits&c=gz                poss2ukstu_red_005_007.fits.gz
      40 RA---TAN DEC--TAN   2556   2556  56.700000  24.000000  1278.50  1278.50 -0.00027778  0.00027778    0.00000  56.431681  25.741024  55.643943  25.737462  55.638005  26.446386  58.939796  26.432852 http://archive.stsci.edu/cgi-bin/dss_search?v=poss2ukstu_red&r=56.035924&d=26.094350&e=J2000&w=42.60&h=42.60&f=fits&c=gz                poss2ukstu_red_005_008.fits.gz
      41 RA---TAN DEC--TAN   2556   2556  56.700000  24.000000  1278.50  1278.50 -0.00027778  0.00027778    0.00000  55.898989  22.240395  55.132612  22.234846  55.124038  22.944140  58.879430  22.937038 http://archive.stsci.edu/cgi-bin/dss_search?v=poss2ukstu_red&r=55.512517&d=22.592720&e=J2000&w=42.60&h=42.60&f=fits&c=gz                poss2ukstu_red_006_001.fits.gz
      42 RA---TAN DEC--TAN   2556   2556  56.700000  24.000000  1278.50  1278.50 -0.00027778  0.00027778    0.00000  55.895908  22.739996  55.126584  22.734305  55.117944  23.443848  58.887854  23.436571 http://archive.stsci.edu/cgi-bin/dss_search?v=poss2ukstu_red&r=55.507936&d=23.092406&e=J2000&w=42.60&h=42.60&f=fits&c=gz                poss2ukstu_red_006_002.fits.gz
      43 RA---TAN DEC--TAN   2556   2556  56.700000  24.000000  1278.50  1278.50 -0.00027778  0.00027778    0.00000  55.892802  23.239788  55.120509  23.233956  55.111803  23.943639  58.896343  23.936187 http://archive.stsci.edu/cgi-bin/dss_search?v=poss2ukstu_red&r=55.503321&d=23.592228&e=J2000&w=42.60&h=42.60&f=fits&c=gz                poss2ukstu_red_006_003.fits.gz
      44 RA---TAN DEC--TAN   2556   2556  56.700000  24.000000  1278.50  1278.50 -0.00027778  0.00027778    0.00000  55.889673  23.739695  55.114388  23.733721  55.105613  24.443437  58.904898  24.435810 http://archive.stsci.edu/cgi-bin/dss_search?v=poss2ukstu_red&r=55.498669&d=24.092112&e=J2000&w=42.60&h=42.60&f=fits&c=gz                poss2ukstu_red_006_004.fits.gz
      45 RA---TAN DEC--TAN   2556   2556  56.700000  24.000000  1278.50  1278.50 -0.00027778  0.00027778    0.00000  55.886519  24.239642  55.108219  24.233526  55.099376  24.943167  58.913521  24.935364 http://archive.stsci.edu/cgi-bin/dss_search?v=poss2ukstu_red&r=55.493981&d=24.591980&e=J2000&w=42.60&h=42.60&f=fits&c=gz                poss2ukstu_red_006_005.fits.gz
      46 RA---TAN DEC--TAN   2556   2556  56.700000  24.000000  1278.50  1278.50 -0.00027778  0.00027778    0.00000  55.883340  24.739552  55.102001  24.733294  55.093089  25.442751  58.922210  25.434773 http://archive.stsci.edu/cgi-bin/dss_search?v=poss2ukstu_red&r=55.489256&d=25.091758&e=J2000&w=42.60&h=42.60&f=fits&c=gz                poss2ukstu_red_006_006.fits.gz
      47 RA---TAN DEC--TAN   2556   2556  56.700000  24.000000  1278.50  1278.50 -0.00027778  0.00027778    0.00000  55.880137  25.239349  55.095735  25.232948  55.086753  25.942115  58.930968  25.933960 http://archive.stsci.edu/cgi-bin/dss_search?v=poss2ukstu_red&r=55.484495&d=25.591369&e=J2000&w=42.60&h=42.60&f=fits&c=gz                poss2ukstu_red_006_007.fits.gz
      48 RA---TAN DEC--TAN   2556   2556  56.700000  24.000000  1278.50  1278.50 -0.00027778  0.00027778    0.00000  55.876908  25.738957  55.089420  25.732414  55.080366  26.441182  58.939796  26.432852 http://archive.stsci.edu/cgi-bin/dss_search?v=poss2ukstu_red&r=55.479695&d=26.090737&e=J2000&w=42.60&h=42.60&f=fits&c=gz                poss2ukstu_red_006_008.fits.gz
      49 RA---TAN DEC--TAN   2556   2556  56.700000  24.000000  1278.50  1278.50 -0.00027778  0.00027778    0.00000  55.359241  22.236861  54.593229  22.228787  54.581710  22.937861  58.879430  22.937038 http://archive.stsci.edu/cgi-bin/dss_search?v=poss2ukstu_red&r=54.971457&d=22.587836&e=J2000&w=42.60&h=42.60&f=fits&c=gz                poss2ukstu_red_007_001.fits.gz
      50 RA---TAN DEC--TAN   2556   2556  56.700000  24.000000  1278.50  1278.50 -0.00027778  0.00027778    0.00000  55.354084  22.736372  54.585130  22.728092  54.573522  23.437415  58.887854  23.436571 http://archive.stsci.edu/cgi-bin/dss_search?v=poss2ukstu_red&r=54.964791&d=23.087399&e=J2000&w=42.60&h=42.60&f=fits&c=gz                poss2ukstu_red_007_002.fits.gz
      51 RA---TAN DEC--TAN   2556   2556  56.700000  24.000000  1278.50  1278.50 -0.00027778  0.00027778    0.00000  55.348887  23.236074  54.576969  23.227588  54.565271  23.937051  58.896343  23.936187 http://archive.stsci.edu/cgi-bin/dss_search?v=poss2ukstu_red&r=54.958075&d=23.587099&e=J2000&w=42.60&h=42.60&f=fits&c=gz                poss2ukstu_red_007_003.fits.gz
      52 RA---TAN DEC--TAN   2556   2556  56.700000  24.000000  1278.50  1278.50 -0.00027778  0.00027778    0.00000  55.343650  23.735891  54.568744  23.727199  54.556955  24.436695  58.904898  24.435810 http://archive.stsci.edu/cgi-bin/dss_search?v=poss2ukstu_red&r=54.951306&d=24.086860&e=J2000&w=42.60&h=42.60&f=fits&c=gz                poss2ukstu_red_007_004.fits.gz
      53 RA---TAN DEC--TAN   2556   2556  56.700000  24.000000  1278.50  1278.50 -0.00027778  0.00027778    0.00000  55.338372  24.235747  54.560456  24.226848  54.548575  24.936269  58.913521  24.935364 http://archive.stsci.edu/cgi-bin/dss_search?v=poss2ukstu_red&r=54.944484&d=24.586606&e=J2000&w=42.60&h=42.60&f=fits&c=gz                poss2ukstu_red_007_005.fits.gz
      54 RA---TAN DEC--TAN   2556   2556  56.700000  24.000000  1278.50  1278.50 -0.00027778  0.00027778    0.00000  55.333053  24.735566  54.552102  24.726461  54.540128  25.435698  58.922210  25.434773 http://archive.stsci.edu/cgi-bin/dss_search?v=poss2ukstu_red&r=54.937609&d=25.086260&e=J2000&w=42.60&h=42.60&f=fits&c=gz                poss2ukstu_red_007_006.fits.gz
      55 RA---TAN DEC--TAN   2556   2556  56.700000  24.000000  1278.50  1278.50 -0.00027778  0.00027778    0.00000  55.327692  25.235272  54.543684  25.225960  54.531615  25.934906  58.930968  25.933960 http://archive.stsci.edu/cgi-bin/dss_search?v=poss2ukstu_red&r=54.930680&d=25.585748&e=J2000&w=42.60&h=42.60&f=fits&c=gz                poss2ukstu_red_007_007.fits.gz
      56 RA---TAN DEC--TAN   2556   2556  56.700000  24.000000  1278.50  1278.50 -0.00027778  0.00027778    0.00000  55.322289  25.734789  54.535199  25.725270  54.523035  26.433817  58.939796  26.432852 http://archive.stsci.edu/cgi-bin/dss_search?v=poss2ukstu_red&r=54.923696&d=26.084993&e=J2000&w=42.60&h=42.60&f=fits&c=gz                poss2ukstu_red_007_008.fits.gz
      57 RA---TAN DEC--TAN   2556   2556  56.700000  24.000000  1278.50  1278.50 -0.00027778  0.00027778    0.00000  54.819730  22.231548  54.054220  22.220955  54.039762  22.929747  58.879430  22.937038 http://archive.stsci.edu/cgi-bin/dss_search?v=poss2ukstu_red&r=54.430705&d=22.581144&e=J2000&w=42.60&h=42.60&f=fits&c=gz                poss2ukstu_red_008_001.fits.gz
      58 RA---TAN DEC--TAN   2556   2556  56.700000  24.000000  1278.50  1278.50 -0.00027778  0.00027778    0.00000  54.812500  22.730923  54.044054  22.720061  54.029484  23.429100  58.887854  23.436571 http://archive.stsci.edu/cgi-bin/dss_search?v=poss2ukstu_red&r=54.421958&d=23.080539&e=J2000&w=42.60&h=42.60&f=fits&c=gz                poss2ukstu_red_008_002.fits.gz
      59 RA---TAN DEC--TAN   2556   2556  56.700000  24.000000  1278.50  1278.50 -0.00027778  0.00027778    0.00000  54.805215  23.230490  54.033810  23.219357  54.019127  23.928536  58.896343  23.936187 http://archive.stsci.edu/cgi-bin/dss_search?v=poss2ukstu_red&r=54.413144&d=23.580071&e=J2000&w=42.60&h=42.60&f=fits&c=gz                poss2ukstu_red_008_003.fits.gz
      60 RA---TAN DEC--TAN   2556   2556  56.700000  24.000000  1278.50  1278.50 -0.00027778  0.00027778    0.00000  54.797873  23.730171  54.023487  23.718768  54.008690  24.427979  58.904898  24.435810 http://archive.stsci.edu/cgi-bin/dss_search?v=poss2ukstu_red&r=54.404262&d=24.079664&e=J2000&w=42.60&h=42.60&f=fits&c=gz                poss2ukstu_red_008_004.fits.gz
      61 RA---TAN DEC--TAN   2556   2556  56.700000  24.000000  1278.50  1278.50 -0.00027778  0.00027778    0.00000  54.790474  24.229891  54.013083  24.218217  53.998171  24.927352  58.913521  24.935364 http://archive.stsci.edu/cgi-bin/dss_search?v=poss2ukstu_red&r=54.395310&d=24.579241&e=J2000&w=42.60&h=42.60&f=fits&c=gz                poss2ukstu_red_008_005.fits.gz
      62 RA---TAN DEC--TAN   2556   2556  56.700000  24.000000  1278.50  1278.50 -0.00027778  0.00027778    0.00000  54.783018  24.729574  54.002599  24.717629  53.987569  25.426581  58.922210  25.434773 http://archive.stsci.edu/cgi-bin/dss_search?v=poss2ukstu_red&r=54.386288&d=25.078728&e=J2000&w=42.60&h=42.60&f=fits&c=gz                poss2ukstu_red_008_006.fits.gz
      63 RA---TAN DEC--TAN   2556   2556  56.700000  24.000000  1278.50  1278.50 -0.00027778  0.00027778    0.00000  54.775503  25.229144  53.992032  25.216927  53.976884  25.925588  58.930968  25.933960 http://archive.stsci.edu/cgi-bin/dss_search?v=poss2ukstu_red&r=54.377196&d=25.578047&e=J2000&w=42.60&h=42.60&f=fits&c=gz                poss2ukstu_red_008_007.fits.gz
      64 RA---TAN DEC--TAN   2556   2556  56.700000  24.000000  1278.50  1278.50 -0.00027778  0.00027778    0.00000  54.767928  25.728525  53.981382  25.716037  53.966115  26.424299  58.939796  26.432852 http://archive.stsci.edu/cgi-bin/dss_search?v=poss2ukstu_red&r=54.368032&d=26.077123&e=J2000&w=42.60&h=42.60&f=fits&c=gz                poss2ukstu_red_008_008.fits.gz
